%20s
                 -40
                 -10
                   0
                   0
                   1
                1.50
                 1.5
                   2
             2.71828
             3.14159
                  04
                   4
                   9
                  17
                  42
                98.6
                 666
                1000
                2001
                2001
               90210

%20g
                 -40
                 -10
                   0
                   0
                   1
                 1.5
                 1.5
                   2
             2.71828
             3.14159
                   4
                   4
                   9
                  17
                  42
                98.6
                 666
                1000
                2001
                2001
               90210